[array([[-0.02122966],
       [-0.63886644],
       [-1.5715727 ]]), array([[ 0.77469824],
       [-0.36533428],
       [-1.5655178 ]]), array([[ 0.66045973],
       [-0.15174802],
       [-1.6291037 ]]), array([[ 0.03464403],
       [ 0.03058627],
       [-1.2401433 ]]), array([[-0.27680029],
       [-0.47314268],
       [-1.55445522]]), array([[-0.39035211],
       [-0.04941442],
       [-1.54395055]]), array([[-0.70719769],
       [ 0.3462685 ],
       [-1.48484672]]), array([[-0.42824463],
       [ 0.2055105 ],
       [-1.5559804 ]]), array([[-0.13812301],
       [-0.12058985],
       [-1.56641011]]), array([[ 0.2336892 ],
       [-0.49680096],
       [-1.53282628]]), array([[-0.65490575],
       [-0.74481682],
       [-1.47291384]]), array([[ 0.42834748],
       [ 0.10171074],
       [-1.75014028]])]