[array([[-75.83129928],
       [ 22.26376857],
       [357.49393598]]), array([[-91.58477209],
       [  8.06460017],
       [373.78037804]]), array([[-81.28510057],
       [ -3.59133266],
       [374.63412692]]), array([[-65.32842046],
       [ -4.77971745],
       [384.45656673]]), array([[-59.99067239],
       [ 23.80130801],
       [368.63827136]]), array([[-29.89768691],
       [ 25.04158455],
       [384.70298138]]), array([[-10.49736717],
       [ 25.72779775],
       [391.1834335 ]]), array([[ -8.14610293],
       [ 24.14722095],
       [376.05951357]]), array([[-42.16255424],
       [ 21.07548796],
       [350.37675363]]), array([[-75.38748778],
       [ 20.91437063],
       [353.81148486]]), array([[-59.21333118],
       [ 26.04705347],
       [358.60547825]]), array([[-54.26032528],
       [  4.10801141],
       [395.54069887]])]