[array([[-0.02664722],
       [-0.62268905],
       [-1.57728779]]), array([[ 0.77081766],
       [-0.35514951],
       [-1.57555504]]), array([[ 0.65858393],
       [-0.1424912 ],
       [-1.63800936]]), array([[ 0.0212304 ],
       [ 0.04646088],
       [-1.2462472 ]]), array([[-0.28392907],
       [-0.45540523],
       [-1.55851171]]), array([[-0.40009625],
       [-0.03360602],
       [-1.54636035]]), array([[-0.71387045],
       [ 0.3613011 ],
       [-1.4846489 ]]), array([[-0.4360115 ],
       [ 0.21943936],
       [-1.55826065]]), array([[-0.14946115],
       [-0.10189679],
       [-1.57085497]]), array([[ 0.22774824],
       [-0.48129497],
       [-1.54084584]]), array([[-0.66200451],
       [-0.72934791],
       [-1.47435786]]), array([[ 0.426019  ],
       [ 0.1087547 ],
       [-1.75830634]])]