[array([[-85.05487635],
       [ 21.11667971],
       [357.51525144]]), array([[-100.43584043],
       [   6.91185645],
       [ 373.08449242]]), array([[-90.20962255],
       [ -4.82554678],
       [373.77926535]]), array([[-74.17474908],
       [ -6.16070993],
       [383.44661877]]), array([[-69.0302561 ],
       [ 22.49949697],
       [368.25013699]]), array([[-38.62052881],
       [ 23.443555  ],
       [383.07081594]]), array([[-19.11142469],
       [ 23.97891181],
       [389.29558154]]), array([[-16.95204719],
       [ 22.45831054],
       [374.14320384]]), array([[-51.35731503],
       [ 19.71766562],
       [349.40891419]]), array([[-84.62327783],
       [ 19.74587415],
       [353.85018069]]), array([[-68.33494934],
       [ 24.77766731],
       [358.11413466]]), array([[-62.96745685],
       [  2.58602498],
       [394.5139589 ]])]